---
camera:
  width: 512
  height: 512

  intrinsic:
    fx: 190.97847715128717
    fy: 190.9733070521226
    cx: 254.93170605935475
    cy: 256.8974428996504

  distortion:
    k1: 0.0034823894022493434
    k2: 0.0007150348452162257
    p1: -0.0020532361418706202
    p2: 0.00020293673591811182

extrinsic:
  imu_camera_time_delay: 0.0
  imu_camera_transform:
    translation:
      x: 0.04557484
      y: -0.0711618
      z: -0.04468125
    rotation:
      w: -0.00768851075062475
      x: 0.013355443369657
      y: 0.694796521648944
      z: -0.719041245297768

imu_noise:
  acc_white_noise: 0.04
  gyr_white_noise: 0.002262
  acc_random_walk: 0.00086
  gyr_random_walk: 0.000022
  acc_bias_prior_stddev: 0.2
  gyr_bias_prior_stddev: 0.1

image_noise:
  pixel_white_noise: 35.0
...
